C:\ProgramData\Anaconda3\python.exe D:/github/Coding-Challenge/Study/astar.py
====[ 해 답 ]====
2 8 3
1 6 4
7 0 5
-----
2 8 3
1 0 4
7 6 5
-----
2 0 3
1 8 4
7 6 5
-----
0 2 3
1 8 4
7 6 5
-----
1 2 3
0 8 4
7 6 5
-----
1 2 3
8 0 4
7 6 5
-----

====[ 전 체 ]====
5 = 1+4
2 8 3
1 0 4
7 6 5
-----
9 = 1+8
2 8 3
1 6 4
0 7 5
-----
9 = 1+8
2 8 3
1 6 4
7 5 0
-----
6 = 2+4
2 0 3
1 8 4
7 6 5
-----
8 = 2+6
2 8 3
0 1 4
7 6 5
-----
8 = 2+6
2 8 3
1 4 0
7 6 5
-----
7 = 3+4
0 2 3
1 8 4
7 6 5
-----
9 = 3+6
2 3 0
1 8 4
7 6 5
-----
6 = 4+2
1 2 3
0 8 4
7 6 5
-----
5 = 5+0
1 2 3
8 0 4
7 6 5
-----
9 = 5+4
1 2 3
7 8 4
0 6 5
-----

Process finished with exit code 0
